name	bins0	bins2	glu0h	glu2h	diff1	diff2	sex
MZ3:index19	6.949	19.581	7.58	13.59	6.01 	5.60 	1
MZ3:index20	5.387	7.81	4.64	4.23	0.41 	5.60 	1
MZ3:index21	5.564	30.611	4.57	5.19	0.62 	3.09 	1
MZ3:index22	6.089	22.357	5.13	8.84	3.71 	3.09 	1
MZ6:index21	3.629	8.566	4.44	6.02	1.58 	1.50 	2
MZ6:index22	5.511	7.066	4.88	4.96	0.08 	1.50 	2
MZ6:index23	5.03	21.682	4.22	5.8	1.58 	1.47 	1
MZ6:index24	5.839	13.799	4.19	4.3	0.11 	1.47 	1
MZ6:index25	5.604	29.981	5.14	3.51	1.63 	1.46 	1
MZ6:index26	6.624	23.697	5.05	5.22	0.17 	1.46 	1
MZ1:index1	32.123	43.227	4.42	4.62	0.20 	4.65 	1
MZ1:index2	4.586	12.217	3.91	8.76	4.85 	4.65 	1
MZ5:index13	2.703	22.327	2.34	6.59	4.25 	3.83 	2
MZ5:index14	1.759	15.37	5.08	5.5	0.42 	3.83 	2
MZ1:index3	2.33	50.884	4.44	9.48	5.04 	3.37 	1
MZ1:index4	3.459	22.503	4.7	6.37	1.67 	3.37 	1
MZ5:index15	9.964	19.057	5.78	5.54	0.24 	2.23 	2
MZ5:index16	8.178	110.781	5.64	8.11	2.47 	2.23 	2
MZ6:index17	3.592	7.859	4.51	4.44	0.07 	2.18 	2
MZ6:index18	4.342	23.022	4.75	7	2.25 	2.18 	2
MZ1:index5	1.816	8.978	4.57	4.68	0.11 	1.92 	1
MZ1:index6	1.472	2.267	4.34	2.31	2.03 	1.92 	1
MZ1:index8	7.351	19.636	4.49	7.08	2.59 	1.90 	2
MZ1:index7	16.524	34.064	4.55	3.86	0.69 	1.90 	2
MZ2:index9	23.6	34.635	3.61	5.7	2.09 	1.89 	1
MZ2:index10	1.003	5.147	4.38	4.18	0.20 	1.89 	1
MZ2:index11	6.108	23.835	4.55	4.26	0.29 	1.80 	1
MZ2:index12	5.122	38.849	3.76	5.85	2.09 	1.80 	1
MZ2:index13	7.594	8.774	4.18	3.16	1.02 	1.77 	1
MZ2:index14	4.946	20.929	4.23	1.44	2.79 	1.77 	1
MZ2:index15	3.78	16.514	5.7	3.91	1.79 	1.73 	2
MZ2:index16	3.976	12.031	4.69	4.75	0.06 	1.73 	2
MZ3:index17	3.222	32.32	2.9	6.16	3.26 	1.71 	2
MZ3:index18	16.907	40.268	4.3	5.85	1.55 	1.71 	2
MZ3:index23	12.6	29.397	3.82	4.13	0.31 	1.67 	2
MZ3:index24	11.865	38.865	3.48	5.46	1.98 	1.67 	2
MZ6:index19	12.143	70.576	4.79	7.12	2.33 	1.66 	2
MZ6:index20	11.279	51.183	5.03	5.7	0.67 	1.66 	2
MZ4:index1	6.342	12.965	4.39	3.72	0.67 	1.65 	1
MZ4:index2	7.629	9.695	4.49	2.17	2.32 	1.65 	1
MZ4:index3	6.273	93.403	4.81	5.52	0.71 	1.63 	2
MZ4:index4	8.306	117.412	5.36	7.7	2.34 	1.63 	2
MZ4:index5	3.52	13.535	4.14	3.98	0.16 	1.62 	1
MZ4:index6	3	26.973	4.12	5.9	1.78 	1.62 	1
MZ4:index7	8.734	38.038	4.83	5.06	0.23 	1.62 	1
MZ4:index8	14.697	58.786	4.62	6.47	1.85 	1.62 	1
MZ5:index9	38.08	162.1	4.71	2.46	2.25 	1.59 	1
MZ5:index10	38.252	145.193	4.74	4.08	0.66 	1.59 	1
MZ5:index11	2.853	7.242	4.9	6.78	1.88 	1.51 	1
MZ5:index12	2.585	4.716	4.32	4.69	0.37 	1.51 	1
